$ANSIBLE_VAULT;1.1;AES256
63613734336335613438346562363866383665363064653438353030653764373266346262313564
3739613333313633336666333162666465613465333961370a306339303433373965316235353539
39363633333862363263353539303130613961313064383564653265663063376436653437323466
6536626530653938650a383666626637363834326136653934653862616635666639323935373966
66313031326339366435313335373531643036313762303166613962396333653562666431646564
38616639323436633165656439376134663033613630346338656237666534313362653538396263
33633838666231633839613331333532363362626430623039326334383739366232613961323064
36313662633365363861653630663931333839326136653166636131626365303130336139643434
31363139306561626239336662383737303735323732316232363639393439393464383361383764
33333662386533613936653666616430626233663139663162633366373337393333343030326135
37336661303432626337663130366665396364383833663934626631323064383733353530366235
35616636616138346631316461333838303930313132663363366134323237633937653034613339
32323235663361393934656438626364313237643134613536626237323337633639
