$ANSIBLE_VAULT;1.1;AES256
63616631366566306334353062616264623530373566383838376662376365396366656463663161
6561613863383864396436323832626138616661663462640a663035363936633039393832623534
37633633636538626334303965316633353566623166393664643863613366333664653538303839
3566356134333865300a393038633037616362633936663661366130306330363037363736366666
66626531336433653339383065633131613137366162643031353761336331373537663461383030
37663737363136373933363536396634623939336636366462303437333165316166356361326363
37386538623935626266643535333431336363336161396661313831633237396461376163313432
66653737636434663766366566366635636636383631373537383330666263313064666330343263
64336436663633666134626433316439626636363432656136626661396337613834643035366330
37623035373536313561656464383130663334333337383736623033376464376335663830323363
65306635346337623361656164613035326134363638333962616665623764623531383136666565
34346564343030613266653666343131313261653039316661383639396635333132613038363266
62386536383035366537633265636133656537316336373438343963626530643361326139373035
37353434323065343164396337343737323238663236616132626434653135303464623434346162
39653531623334656161323633666136643532303031346663323363363062306663633366633737
61393434616565353035633561653263613463396665623231333664653066666632363366633430
38333737346261626530383735396138613666376361636533633836373264376130636632623136
35376337636436636362663266386532653036383865346439366562363436323639366138336430
62653865643532396133636337373339663564326233363138666433313036663036383336343463
34633332363339346531373637346464613632356333626337353239636331343666366536666133
30643931393233353738326363316634393161633438396134616461353138343230313636393430
34386436303633313230663835383337363561623733303739303261663538376436623030353131
37633236343330646538313566396665386338376330363062613837386163383435303033653866
33633738633331386435
