$ANSIBLE_VAULT;1.1;AES256
33353734353338333065646561396337663762353963653432626336303638336437376662363765
3730343931333238323465613333386635353361393437620a636465613136376664306237353665
34666562393833323339386462386532653963396237363163643361393461363232316136336237
3333613736663134350a643531613636666336373964613662616333313232636266656531353763
66326338393766373364646462376537636161346165376237323063663465623836333838373132
62643838613563666538336439313562313362303865663363613037666661323934626430643332
36613061613062316239613937343734646133313363363461323665313964636533623732656464
38653064306439653839333465653632386437643739623463343933353033663866656535333838
31393663643738336539323038386539333436626134616236643030396661636431643933323866
65353463613334343439303239383234663364396338316632386338306264393935323036346538
32313662366536313731643762333737373139636163396166643062353963356631393666306635
34366338623337333831336265326334663232373438343036313237643161363439633738613132
39636631633334323565333165633233336634313131313836316636633232646263663430323365
62323539363264653366343033313330663330343039393363653837356166333962353137313636
39646439343932643539623738376332653536323033623534623061636361386233353439376532
65356163613763366535636361313466393335643639666134306565353732633235396136303737
34323339613662333738626564313631323361613164373538376234646231326533613666363132
36363738333061323666376162656164613865613234623039303236393231393135613035356638
65306338333465386462613139363361633836623939376630396633373530323934313864386664
33333838376566326334666137363465346633343237313235333666643031393239366136643333
33623632343961306130313930653239643366316132313338346664663666396130613239336230
65623436373032356662353935383564323838373165613632646536383737663933633765316138
63323337326433376165333437383364666664323465316634623331636236323737636435663030
36343939333833353835643265393131616662366632336333353737316163643130353337373064
65363336616436343138653138373834633964326139376133303332353937333866393839393932
32653136306437323235633861613764623736613939343466363463666539646561613831323030
35343933306430313566626562383666343237616462313534326462643835333339643239646165
66373337623830383261666565633135333335306134363935373436653032616536386664663230
63316539383063303030303765353231343132663739643132383633353836643031663337666230
37656565633039366630626534343033373932383262383332353038376438313138663830363463
39623164613137663832346162353736316633366335316438366134383765333961633633363264
34366331663031636664353236383630383137333139383936336365326334626234646334393737
66386139396664396230343834666162383435393062393862613333353664363466666364353164
33373766373137393662626261656230623162353734326433326561386137316532303136303662
39306166613764656131393937333265313664653838646432643231303432363730386330393534
64396239393536653039393065333130666463333263346665633164383732626337303638383465
64336631316131306233396430656666393366643739643834333835323235626238313039633563
33323463653034643930306362666230313937373563613538623961383661306332643036383062
64616535393735393636613235613865333465623139336139663632333161356232393836643937
31656530386538326461393535313838623062373436333863646662393238653161653839313330
65373637386339383331653236653063333537323666343161396264393465353738326530643533
66383830336463626137653035353662383531303265303432663566313761616264616336636339
33353133326134623935626162346337316336363431656437343362643137313438323265343062
35333333666538616164653239356466353565626665613737376630383034666663373737326539
63383639643136396565623362333563353038626537663436643066303839633737643262633162
66383839393536666231333763383039613936303162613766623463633738326161363830663135
63623734363963663763613631363132326335363931363735616466396137656532323130336538
33616330656132313336396231633839613261613736336232653433336439383031666331623136
34653361633331303033656237393734346265343266306336366232313061343431653664613437
62333037306438613261356132343639326565643839346336393664393931613335643733636165
38666261366134653331653138383532313139373736643338323430626639623830383730663735
65396230323231653537376339346662356638356161623263373765666539353264353332613539
38336438306464313031636663376433336365336361383936356439363665363765663736333261
63663962666365316262333666386363343237303332633435653038393030353164306535386164
37633539373061373838653364333964343562303465643436666666643433616665346437373437
66363638626634303564303239313061356165643335393465303265313530336366643161383036
38646361663338653233376136623535316331336234663831393232653639623764663363323865
36336535346635666637373736346366353561363434633630643234646663633862313931616264
37393837363735393036656136393363373431373338636237363436353062633266643064633531
61376364393234663434663335633530333134636236386636373830376531363161643334353731
36626235383734343865633634386235363330653233306332323033623562376539386565356339
35613963376437383065363263346537643864663839333334613538393638643532306236653631
36633636333737623037373137626537613463636432303231396462366232303535353565626163
66663534636234633765396532346261646561393066656537653638663430666530343333396434
36653335666534383764303438613631366166623839393766326533373234336433353564313230
61373463333664643535633931363532633266616639393235623137663338343738646636386333
62316462363331393765643431613239366465333765646132623762366265363163336634323564
66373439666364623939383462633966306335663831356331316132306261613932373764386434
39393534346263373736663962646434613962313433646631363363306131633435636464373639
62326166313865326635313539353433393364356239343866396264663034363266653330656134
61393630386662363633313132633161623638373333623134373334346439616432356535393936
64623566643964623037303334323436376161353963373362376633356163363832386138643231
39353361386331373335303163356165653930346638323563663131353038363064313464323066
31633039643938633039383036613865343536336232616235643833343531376264613433313662
31373735303239383933656132373063323064643561326631313861643731656630313362313734
62383965303862363235303465646337313631346237346664306335393438343730663361623064
65333361633435326262393230393331383761643264623836363963633262383732303366326462
37333266396237326237656661316636316636393564643066366661393962303738336661396235
38353038303138383538333965633636303834333730316430613930396238306534633837386537
36313537373362393361653433383035303965656164653739623861313562373839376166313135
39613432366132653639666530306133396235346430646337356435663831326137333436303932
63346531306166373836333434313238373335396361346136333861633463633634306236353937
35383563333330353966646137383065353034633438386265663364356264623661643262346231
30333336306365313864643334623339393739666236383839303963626535303063363232323661
34333165623734653063623834613564343834326635383665363331643636313033333335386337
36376266313430376137333534636439303434333038393036333765626537616661373631393635
63396262616365323231306264623839356333383939313631396166633662323737613863343266
65386636326339633262363466343830373036646265313166386534326561643735623763346131
62303864343030323766616538313564353565633862643765623236666561363037316266343832
32346261333664336237393231373834343437633630613961633363313934623263303666373233
31396334363962643063336533393862303666663735306133363766643130663539646430363730
36643136656132323231303738393461663665373066396239623437346632393339313130396166
32633231356135626436353538316262626331666239646136306665393163643237353437623465
37333531343434613337363935613361376232623238633239653332653963613733336333373264
30663137376631613236383663326535643764313134613334643630656435663639633839623133
32333832666563663361663661653837336235396564363132303238656339616637623361313963
39633165616332366537373630666633623366633232636464363535646437396132373433363833
36383030656665323831633735666633393230336632393230383361613636313966616334386664
34363961666364366331616338656365326665343535643534643234353265636133333831346337
66373862363637303738633062343835643966633362666533333632323166323262356561383462
30313362653864353665313963383764643238396361353032646139366664313235613034343731
63656632616662353935393162393636353465636564373764356135353561383830306435386137
36366463323031616564386236313662356430666563643532646663323238643837363965636231
61396432323635313437366163613336656263626434626430373663316230646537663032363339
37616438613531623135656538353334376637613231373763306232326135393536363561613539
38313732376233623931393865633535383433653939323862303132353333626337336133396435
33623235666666373731333335333763386636666330356663393430336634336136666566336532
35366630353237383038643831356164336538353839333337373037333263623162353063353032
66666261303561303438376366656635303364633232356263386135313230353732653563663461
31633630633264353036643561313638373365356331613137316663633135303136353863626436
33656535336238396336326232353031303036353066363562343462626261663737643862346332
35383665636136363066383832313135663831353230626561656238363130343134653633373062
36613931643636393836616662366434373763633438343432653662613066336261633335393762
62363239383036303362323864353334373936623231356135373064613539323466386365626263
63386133333838366331643466663165646131396430633561666337393737663239626336666365
32353836366264653732653332303132346238633237313136363230666332393236633330613935
37646131396130303832383638366532646561633532306234366566326436366565346432323635
31663461653665666332303632396464613931393639343032333161623139333437623530663835
34393762333732626532663739333837616134383230636333396462323434303762616662333865
37623166646232386665613363353764353032346564313833613732663932303534613864316136
39316465663133663335343531383932623032656239316165353233643635393434616432643762
39393139636434666563323435306135313538353530653532333530393562356130353233353464
31343234316238336563333835356564346366376533306230623863656534626332643138626335
34353833633963393633633632323962303535303930616537383033363364323539643437306263
37353062633761323838316161376336366636323836353132343937656436393835383139646239
33393963336434336562333165396536316131633166363336633432346639393864666466353133
62326335336562353162353935636637313939326465396161396162336363613231636231376636
31643861363438316131616538663662666239336464353566326432613737306335626234643831
61376437373537343063336166366337386362633834303566623865616231343936646364353463
64386430636335316634383763326634646330343664373931643664393337636264633833323663
32376536336134643932313663326431626365646532333136343034636137623233383039323739
65383634656130646664663362653339346466653138393533386336333733656266646235663533
62656134656638326133306266646534313135386363313566653039313932626364343435386263
34633931393639313166646265656439626431376338346262376232366232646535303062333236
39636631303364313339316534643039613263313530623130376438363930643539353031626430
34303936653134643131623337383030393336653634396536393131336364623138653063383065
34333739353466306433323566303265303964356634626266623365626134363331666636336433
62353563656638343361623038326338363338616166353461333964323962373835386638346432
63353064313630666534333837393263383532316261373433393434313739373761633136643561
34383461663031386238303564383963666332353262376431636536356261653062316561376563
32643536343463333566643830353761373765656165623265366532363031313165623839386436
65336261343665313934303036373036316135396434333935653364633464313930373232373436
33663366333162626632393837373734376338366665346561323632643034343330626135366636
63363336663236313134353361363764366534633436363263356135336261333262383665633666
38346262373637633866393938363561383765363532613539633439616335643536343736343535
36623138343764356230383434376333306364393566333438393564396536376531326531646138
32373730336236306662623130393465383932373264326563663936356236666338306366663563
65376138366539303632373432393066303534333532656434333736616333623235383733633932
33363334653635343530636438613363346532396439656265346333626364643833623563613561
65393335663266363437323562613234346432656633366532313032353731373037386164616137
37376235336465623361393066393931353034383139356564393963303535326334346362616633
34326337353261376531656638313066653735623433313333373063333063356465396464376632
33643530623435656132313662396165336234623135646663366162353434396139303936336639
61363531323532653064393166313139303632633734366262333732623832313435353964303633
37313266623435356666363730343466356436613263616566313339376233343237613937643430
31313331356261346230336563636238646565303234303661666330393836666237636464366132
64313337363634353263613866383465656363666162663435346166343338623937613832336561
32346533613631646236616336616666363565313430303439323762376436386531363766326138
37646163353239653133383732316632636338303666323839653131323362323539636432613732
38343664343830346538653639333731633761323263313062383439373539653232643461366136
35633965353463633566336537613235643037646566356331653136353639333133353334353330
34323165663030656265313339396434656334303237666333313937383961306539616366663034
33333439393638653264316432393161613732376132323334323539326339373933613261623935
65366432646237383466386561643336663064646462643135656638623739323635633237393366
39653438623937393835363834636565666164623231376336343637626562383933346139386363
36643961613332646536313262376437633834356566373264373438613563393765343634626236
30626331666662616530613130383636626666323666343330393066306236326532373533633166
64636539333238366233336234323733393630376533633031643238346230616366386666316430
64616462656238623661346332623231653735656466336165623031336632633739613164363838
66656563396263643730623366396563653638356131303234356630633565396336323735393631
30646236653132373563613466623134333234636366313332303332356334623739306161393232
32393131663561626236366532396337626131366464303963636138646237663539363164613036
62393631373363626139646463653262303964376161653839633039666363666636
