$ANSIBLE_VAULT;1.1;AES256
63323733356162356265666465313832313438323963396233353262383338336630346263663437
3534663537613238633864396363613338363066343937340a616232633635326434653563643661
35353432343339616566653830303562333036633132623436646333383761656364393338636536
3431613363303035610a636139386233316131393461333136613332353137353965646264653234
63636232636139623565336433613531626434613239303833363939626137376234393464623131
62386337323535653865636239666637313730346531343630623062303035393530373063396236
65656661313665613334663538623164383964383739383436636538343561356539386634313066
38613262393130376537353265393961666237343330363431636435383034336362633861623334
66623966303433326539313733643466646361643533643063373335333332663462613531626233
63633964633638313765613264333864646635306634326237643364613036323434643766333133
37636263356136623532623039666662323561646332636534376233636632653863616231376662
30626366303462343131663063626365363864356632623836333833393662303737616364626139
36386361346161386664653333353736313361626531306431316538623361353637393637633336
38393466316230613866616366353363356665356535393237323065613864613265336136653538
35653633363066333031373062323437633439626333616430363435313263653932653530363539
38663635383430316532303132653235333932303266303765316365636435383264366261343538
34373634366334613632373539386335396261656230346166343135306337653465393161326533
36343962663431313164373835333436623031316536343864646537383366353664393165643537
39356439656535656438313534393139343738323430623830653939326265373839336136323835
32316537343434396338373133346131653162313833333335656164366236316363366461333832
66353730663363323930646434626337353337313562396133613066383363393833616235633935
38646631643664616462663862356266336633626461323631346633636235643961383037613530
65663539656532346539306631643939303831373036376463383864646166303265386465633235
32646231376263393162
