$ANSIBLE_VAULT;1.1;AES256
64663666653736356533363164323965393364636230313032393563383039666665626639636363
3234616633323538383031656162336661306432383964620a656237363735396164353536366161
34653634306565356339623033336538346439303737363165343236663466366537653231353238
3639643566663230390a363731643564323233376466316333646233343430396266393137663866
62313130313264666264353564653632633665396236323934333239306432353734383335326531
34313862373834613034313861343362313732373932633138663830613035386264636366373332
32383063326438333138663431376133643138383164313835646534396137623239343436646634
39333231383763323335646634653730333839383732336135393630373162633037336664393739
62363135303331323366623335316363336638613962306164393266646635636265356264636538
31323935333365356632626362373239663531326466323433353432383630633863666339306264
39666363623065383237303038373766626338383865346533313165666136383434343833636662
33353264323037326433313565383832613632653866376337303330386433636230393866633563
37333836333532386131623133353638646661373966373361386533363132393062383761656234
32333265633965346435363433393933363763646262313365653834393763663131346266366130
30393234383866343632356662383033366538666435653037353265356266353461383333656337
30313636643436323338616366643237643930646461653965356136303730666239323566393131
39653331393237373465666439653366396430353631616139623839653262306535326561343836
37336539333132366566313038326138346230616333643437323931323066616462353039626661
38346130306633643061353430303038326433396133313366396435303261653161376361666230
30333636396461326664663437313634613765343562343933353561313165306132326530333138
35396434323232333364663732396439343833313332396133343231656331663933623764316134
38616236616439383334376466386336353261613061313765616436323466323266343538663161
61306633653234396263663331333763323664353166303865646337336266363866383336613766
30326633343232366664613036666339306536323462653632643063326535363632613463393135
38346630373033303134666537623265373030393563646536323331373238643530346331653064
61386637323838353061626535323438643432316461666233643935323436383738373638666234
65323131373630633830636437333436383638393165376332313335663131663566303731303538
36633766333565663330353138303235373965626131366434393937376138373866656261646234
65666638316232346634343236643733353232376461623863613238306433386331353533326530
62623038333136626466643439663537353164613332663532333365376235396532643866306537
30643232633736343231366138616364313432626236373035343261316464623663633132653362
31386337363535663833326266333565333636306538613831663732326663633038346234333333
33626261353062366132613965626536323130316537366633363735353932303930353437306565
65353066393363363538663032353830323936653561613765653664663035633035613764643334
39386462643263303236363330643764623031656363646162643435633031336232616231626264
66386266623131316234613865656633383831386361666639393732333639313361326436383236
61613863643562623564643135663662616133336533666662653563303965663131303963353763
31386530643934646537346439353366636332353234336231326363373635313665333565386265
32633764666533323162383134633536386664663161353562646564663831626565613635346335
61306134633031396462643733363435613162656464663334353732653662376230646535646533
30306438643036663362663833396133656634613066663761653937356137333765333664383431
66393833356465386132323263346162663833656234336330626538323938613332383830626161
38663065633131363834626339363236633534323063643166383236346630373837353538393534
66353831626339353937666238616337316433373339333339666232666438363533666361343665
64646661346637646131373136666666616138313236376462366335393138353634346334666263
30386232373530653334386162386130396563623361613464663139353031386535633966383761
35626463383665613662336361346430313630636233353538666636643663383038316465613431
38643262346633323634313136336565326533613831313466313833326136343734663364663661
62613635323534323166313035613230663263653961666132353335663566393736663637626134
35303461643763326139636337323237613465346661396434313234646239626234653463323630
66333464326134646239666362383564386630663033613365663439373966613361356562303535
65306630373131303961373361333236396430656466343964323065646565313162643238363930
37336463616365393032323039393063643634633035366566363130663333666132643431643138
32323735653734353035633964346563633837303231326330383631303735383337646138393638
32613064663431663862356632306465343662373632643830346236356132653039353034363065
30303933346533383835613664663436373431626166633866396538303738353831303932356463
61393638346636366664343632636130373935366261646365656262323937323265346166333366
39373331333839393464336231663063303032313164376337356535393333353561653131646466
33323163303565386233366332613462313962646266313365336137323063636138323731333830
31663738363639353038376339363861333563653962306632303139646436633939313966323933
30383864623038373838313039653734656630636562613565313638643961316434656232323636
37613338323630666333363136656365633133623536333438663536343534313565613534343831
38656336333161653839343962316262303063363039353164343964373733366132386431313137
61343061653034343036326235336666653931313338646232363234336464393532393865393764
64336535616330373936633434633136366263616462333035663938666465383461313366313036
63646437646261313735633130663036303630643739376530633739356331373530633865393761
39386264613366363666323234393066663061376563666634356439353139613062623566326465
30336536633863333435323962393438316137386239366632366338393766626637343561653533
65656438633834666637366364646562343665646239653664313031353232363838623663393435
32316366326562636538663736653831633135366637316163313466663864356332356566326432
65346238383366663264666139393039626364383332306439323332623234666239333633626333
35326138353433313262323231633936333639613063646432303032323539646364646138396162
36323332636430306162373363386137663863386465366534663266633565336337383063363663
62323930333331616561343830356365306236303332363764306634633139363233303263326537
39373635613764393365343461303161353636303936626335393361656531613965616534333434
62363165396263386163303962326639313732633937356461333264343538336335626131623334
66396138313337353732373962333539626230373764393638386366353266376335396133313337
34303336643464626565363837323131356633386333636634623030303164393163313066316166
38353837666564366465323137393332393565373266623534646361323864646164333264383162
39666465393938663932346264633933356232383464616236346430323362383037333361323739
31333637323637396361313361363433333432653163623264623761653034663533333361303137
65636561393033313235373337376538343334343033353030326537313033333731656435643733
61366130663030363832313239386462353963666231316330613336633934626261306663366438
64613465343338653035656639643036313965343539363134373063663162303733346439343939
32393134636363646431643037326361353738383334316366306133346362326631663063383430
37653132343930343630626565373630383066643635656562383862393863643565306633333434
65343631653438663261396638366264326165393937366235613663636161363432663065373034
66356132373065306534653932656538316335623239323638653132663338643431353834353561
39373861323661346632303637383862316165613061396333643532363364303232623630353836
38356336316437373661373365663330613931316563643462383631636262313764306230313363
65386462363537383638356161396539363934643933646133333866386635396530346236386463
39343136623464313762613635386434393961643736373536316435333961386263313339366638
34666564366432666666343734613938303138656334376562373038353834646564616563323966
34626630613164386232626337353532343036613063623438313063353262353737626435653932
39316332396532333830656362643734386433343664363036313961306362653165343964663832
39323531356664333965626439646230383635323933346364303366383963643731633131313062
66646362343062646165396137363936313265313763393863373632636430306136346363373766
35333539643639623862363234373638303533396236393434653031303331386236313264353336
32383639666639666638626363613434353164303863613562373337383961383563633332643962
37653063616436643261643437653332353531303135333932376463303139666461636566393332
61343066626433373132393231626463336666613339613133643036653663643339343331336135
35313964613937353335623961336531373463333639353233393038613031316264616431633664
30303438326361653462353938386166303430626334353461333633313965623333373139343766
61383030366566326136626131353461343361633235323666396132353134636663316438616463
32666539363564303532663038323762383362656135303966386539393166386537616365393037
38326663396265356464373465616130366439356535363232356235646562646134306631636332
39306331353565383137376165333337313363646134353630326165636565343736663365626263
37633034653764353862343162626237303739633738316464353961643564393731653566336534
38336438343066326632393936373839613563636634633461376539393264633435643437633161
39633536336637623235396266323261386139346563643161666463313736373631383262626633
35303038643336393065636232316534326161353837353338613830633566366438626661376136
32663534386634663631373436373362653262383366326238356133323930643865633430666333
65643835633330303038623331316137613932353037343633616537383962376265613064353036
65303134313034663464306330666162336130643366666130326463616538343431316332303135
62613233333438333165616139366165613061316335626538633236653564633039663265643365
66396465653238636663333365616365663462346465386636663437643036643665323633336433
33643634626234313237646361623363613535663163623536363466353334376234623835386339
33323762383538333266343563616661346532343563336665346663313236613432623631626630
62646635316563303534623037303538633530646565363838633530626131663931633538356561
34383636316534306263333966653939396236316165663434333336366461333161343265626332
32393032663037343330343030616335313165663437316233386461626132623234383963616134
66366138663065353130336466323962303132653233616165636264363738326336393832373934
30666437663964323431653135613038643635343163663131626630636163303231306664383963
61323034303162326566366531323235313966353730623661373261616330343236323439616163
33336236626334323239653566356363653064383337383466656634386636316362646338623334
37653735396338613535666336393838613734653339626432386565666563643561623066386333
30353463386661346130313165616465316464383530303165356637393931366638363633626130
62333365613966623532623332366637376363323936366131643333313466336334303539373837
36633865376632353333306537343636393539616336393036323138666361636131626663643935
33616661313435306533323939366665326333343936646264623338353662313232393530616433
37353330643964623061386435316235646364373630353635613438313531373631343835343530
38356638333263303662613836656533646634353037306139613532303639383138306461373239
65343637336564353864396665356435653366346535383334373330643463373437613566373366
65303937623436633266653639333664383064643933326566623039653631353631353961616164
34653939346438613663353866393362393936343033663864663830626563383533376134633365
33386534303139383836666536333333663339623832646563393136356138343266333034616230
65613264633131316332313736376232646165656239383562313362303633633133623038353236
36393762623433366439653839346330646234326263396164353536656230356130323939303165
38316333376339336533356136326431653836313235656530643933323363363162313737323232
63373630333266386165613334613137613563653833313132613733366363626139316230616130
66336639623936333362656663386530616361363566376462356663313939323130333036306562
32366134333864636565316163626539616337323938656531643535383334333935363839613032
37653234393765636334656130656433386130393662313737373932653833343064316162373738
37663565646638363661643934343435316632386539353235323966663633613261373734336637
35373930393261326264616432396330383863656463363662346666356430336533636366383834
66663431313662306231333235643863323762646633656466373162663739386133636231386539
31353636626638646563356166653639353138333039663630666662363238626633376639666331
62373434663830643936333236323533336131356561333161633132326133643966633431633961
35353831626439373762343736663366653939633934613134623335363138623930303334663035
61373461653839643739623265616266653935373737353034633737343365396232353431326331
35306162363362366234353161656564303062363766633337393064373061343735663539366136
63336536313933343136306262313466333561306637663639376162633838636532363830303633
64623634333439366634336464313739313164303962356130613836366565326430393831356339
61346530653039336562306438366562633836323166613535333464663336626537386434633731
66653939393434386265386631366265356264653933626437663538396262323431373865396537
35383639653937663861343737613333653535643565646266386639386338373862656432323862
38373636336633396562346361613437353466383838343733346437373564313262343038393165
31373861616336616334306562353764393264393539393531633966326635366566353535396231
32393137326534353739353266313830643162643137653032383464303834653036393062313466
66633432393138386463623939313130306561626530613665623138356333643964386239616463
38313031333633366236663930363936623337343533653732383633343735393536613637643337
33313738336132613033356637363034363661623164333633633863343664303464373261643430
32326132366261306237376432626262613833666236653366623261333761633334653737376663
37316366623934646631343261663563376532633161373533373331323035343532663437663962
61376232653539303233383663376561613762376433366136623364613665333835616435653037
33303639336162316363336164343961363366346165653061366232623138663165346331616130
37333532303461346239363361353964663366373864636135383562646464366537663938373632
66656530613737373234623336646637333561653363393361396434613664616137333961363366
62613165366363636133333736626335383834323436626236316533353361663764623535316366
36653562636464306230656338613930346134323730333035366631393462336436333833653033
35356665363461326663633261646531353536336366386130393666666262313066616636326634
38636462383365303561373163373138386562316665383931333139336435343737353163323961
36323439366238396631313130396431353866333230313536376437373864343139
