$ANSIBLE_VAULT;1.1;AES256
64336235643239343233613462343430383665613230383462346434616161333666633765653861
6439353666396635356561393633623261353865313830390a376664653731646531396439613537
66333162636562356336633631333639636330633831376230343765353033383131353563383734
3762633166343932610a646366656535306664623531393536626366353362383237343562366431
30386535643934366665363830626433353439323037396539373966626439663136623266396435
63623665373835313531323765653136333038376164353130306664616536303435356132376438
30353864356431303333653966636430393262306130316261313562376137646236326237336635
64336132333062666236653733356131613963636434393964383930396331623332373364343062
35666234336335353230363065623565616239383137366565363264303536386363303235366466
31646162393336353331366265363931613831376164336461303236643661313164353136643365
34306339306262363830333964303563303039393332306437306633366236646265333433613964
64373433393037313366343935303530623134653434383937356561633063633833653731346664
64363133333363633862346536643761353034386632383038366163386662633565353234386363
37333037303364343466616232393263343564353731636638366239663762643963613862633138
39333066613964613136626566326331376234356233353665303137646166623034663835303761
31323365353137653830653334373030316333376536333731396335623737313563343639323232
32386634383564623961396137373361653362353537616330643133353330656131396231613334
36313530643064383936613066376234303337646338653663346237626530353862353533396261
30366661313835666166306638376137346237346165396435663738646535353266633463663564
30343062386233656634626537303334373833323662663735666464366334656163623035663133
35656364353338343364373561333734343738336337323337353062343436666564343865363835
61303663383230646362333963316335323736616137383831303737356535383337393536666238
38663431626137666430323862656336313636643836323230306165323837323033303632663166
62343037393830623563
