$ANSIBLE_VAULT;1.1;AES256
34306538626231623563663163646135346365633031393966343463356436393132623965333461
6138303361613838333132626163396135336531626239350a353831313363316439326666613162
35623564653631653365623763613961363632633839356164616439663764636436333539363333
3039323839363137320a373838353663343831346130643135376438336263346239326265363564
61356134383765343231616332333166373861646434643635626365313837663965633239323662
38323563653763316534363363396533363462336538373264626364366137636637386334306639
66643462626661386632386530646130656137316139613662363664623461303030653463643637
39386538656531643336663235313962353132623036396536363535663962326638666335663939
35316231393930396339386264316537313235633163383766656539366230643762306134373332
33343262383234646136353231633265366539656431313439643332356231373033653337636433
63656638376130633761323637336363653538656338316535643161636265386632363434343335
66313937383835393938303232396139626636626161326336623465383439623763336330646137
35636639633662653535646265623863356430653064393662313535666233616561396137363962
62393236333432303130323631326134636630373266623761396564336266373463613838663234
30613036323137663639656236373433353464386239366235643734663131636262373636323937
64356232336461626133363162386662376433383065616461363235643832373632666239626563
34623532616439393030343465666634613865306530626265353462636630353138666265373461
64396632386333386164396266303835353233393062366134326231393332613266363933313364
63343134373038613635373935303937646664633866393730653937636632343937326564643931
62646433383831646438623436626331666637373732313031396466666333343064333336366362
37643233613166383663313938386231336434663836656163643839333661663032623165383639
65373638643430663763326365633465656561373539356432346363616661636138336231303863
64383031346266316432393637646137366164393666643939386139343464366131303931643138
39653431313931316132
