$ANSIBLE_VAULT;1.1;AES256
35646364633831306236383736353266613635356630656434356534306566306232396333373631
3839633234636436643536313430383636323934626539610a353739383532316336346162353466
38353739303331333462376166356436326434623465643337643934313664343430336132326336
6437663637373234310a633166656565396232336630393533633236623265323466353366626234
37326661326633643631393664333937643366663432313364333033376230313163626637656637
63663030656266306135623062356431363432666261343938363061313431663330313766623162
36656566336331616237643534346636373835343839336539643062623638346239633730653338
66653832383264623037366461313738333431346632316331623366376137666166313830633639
64303739306163346663623934343635373831373666396635356665306136653864353630623239
30393931356237393264626231323962396462653062623961633565623963353033613064343834
34613936366533366631626462323964613464613131626536323734643930313065643038666637
66343932343466303538316565383235353337393632316262663537376166656432323966656463
30643961343739383734386366666562346261366539643637613534373562613761663237383835
34346465366666306430313566363132666339333734333935306133393431376136633162373966
39303364653561616163653938333562303431373636613034613233323434323537326364363438
64376463326437303035346432623031633663316636353533376333623766646663316135633635
34643330623735613431666265623262393339373831366265366632383266356566333631646437
63313133373635663262663961373765363864356537386539306435336636336336323637633466
35363165346665393363323662373766616365636233353335323832333036363561326130376461
36653830393137393166663263663734393037653736356338303834333436376437396535623565
64353333613961313433366537393066326662313163306235343764616161663364343630623937
35633635336231313564326130653436656336323461303434313062323861383564333061343235
62633332626134376430343165306634633861616433303663386533353231653666633333626136
37326335323766646636
