$ANSIBLE_VAULT;1.1;AES256
38663831346238346336343963633230313366636539323930323162663938643835613833663034
3539386535656635623438356234346430646166623438300a633833303236366135643361343133
35666438613334343964313537626533633039306533306232376234326561383735386663333862
6233343763313632380a626430363032323937333131353632323237363761353731396630663632
66613932643133656530326239363762646433383564373065366265363664626462303663366234
34373735353335313261623731393165353332363961323536326335326566363362323662353232
37643736353230376339616236653336623361303038643037383036363331626435653262636661
63623939613933363334303036396331646235643463333864373334386531373438303737656466
31343937313831373136353032356632343162313665616435336334323530653739356461316466
31313338316565313634383433616266643936373034643335306636653135373462613966373732
61623838343233633733383062623032353830316462376633653663396335323063646533636430
66336430643731653533623835643533353061646531646631343830666230303362653264346234
34666563666466616335656639373931356566313539313663356263323464313364303930636132
36613366386633336166626534343831623035376537373736316634373736373165376333393035
66326565636438323133313032326137333732363965316235326233346531323634663232353930
30323231353465313033366362313239626366626236316435373830643561393632323662636339
61336362396538663531343435376338623836353965303134326162616362373733643035643431
32616438303737373932333262616565373839356533643333363339353166653834333363383130
31636662303434656235366462373831336339656339646537316131656332353530306533646666
39366234353939386233643162396439323532666361633832643837613366373238383231643036
31346333346632326232386365343532616632366133643636336436343830383038393064373265
66306233326265316661646431656163636433636637623666356566356535393765363933313061
62353130313734313666343362666163366162376266616266376463343532323238333066333933
35343838373431313033
