$ANSIBLE_VAULT;1.1;AES256
38313264636163316164336433666637636537633435313337653562393234613162653235303337
3964646364613664666664636531623835386131303938330a336631353261326636313237356234
33346461343866396531393562663664626339393962376661623462393933613536616336366230
3932613239363131360a313334323033333635333434326261613464663966393839336632396264
38363437343635306566613234383239336636303065326537643332653362313937663866383566
37613532386237613337313339373665323231313538656465623965386439646364396532343739
34663933393365336364323531383432333561373362666462623938356332303361356236326431
63633530623534383832383431616365376431316463633061323032353730373762343830326365
62323764663539376237633939666462636362323936313032303637303935366565656238613233
39643963313738653037376364646333313762613232396562393530313262393635616565326234
64376333336433613065366635303336653134323038356161646264646664663738353963356133
39313632313233326165313965623637623165386565643438383265386430376538613731613337
64643362346630306436636430353761666133313533376335373535366638343338383335343630
33306330313765346265386365303237326633383635316466653133333234306365363530393031
37363633633661376139333538623265363135636132373833383738633732666234363561333334
61343066373634393030323863623362633139306136633031383561383536613432363064363162
64386434383663336334623962383937393663333137306130306333353732373039316664303630
66346330346533653830373732633934393230613366313335623736353038373166336161326464
65356133353732666163383831366230396433393263643935656136616666396337383963643063
30363964383332373266653963323733623937663666616634333561343162393739643934333565
65396136666430313463623232396539633163313431656139323632303733633061666539303365
66613732376535643137353337396361363339616366326430393464636239326239333336316234
63316132363138356162363236363635346530396464313434383839346339643832353561353936
33623762396439383735636635663861653264393936306631323833353166663831623238316164
3636
