$ANSIBLE_VAULT;1.1;AES256
34346331643930623463333539653466323166643430343264616237393231636130383630663264
3634656661663537346265346439636364373131383364640a383565393363383532383136303464
31323264643932323832316465616163383438383865656436623038316533373738356664623131
3062313635643862390a653932376465636538613366333062383034633336373065343566326464
65306139636664373865386362333533643636306332666133363230646165373735353938303234
37623831346130363239333363396535313364343066303562356130343232376134383531386465
35646362366266393061613636323230326163383861666163313338613638623266643732366162
65323431333636343965666132363832613066326337666539346430333639393638626464353533
61343466336165313034336235333264303861626166393138653731333936343530343133333262
63363236653930303562396266373038633661383161336463653465326232353362316261623535
63633836306630636464613233393064346230633565353365616364386132356637656433383039
62393930363766356437636465393364623061306536366239333863333462323336386266653665
39313430343763353766623037343532323639613331326638653561386535653530346637363162
31646165613063343930386531396166626535383331666630363634346537636662323263333865
63653763636232666434376162636264303738323732653562386638323465313133333136316366
62363261306131313231353064383133326432343235316634343238656535356336353064313139
33653165623831623734353338656363303732663135393161663736313865363139643865386436
63353736306439363261616465623333383631653538353065306330386638393266666235323830
38356262626631376139333732373138333334306639643465663366383061356663326131303332
64636566316434613634323537343439653431663232623030353930613163313061396361646533
30373338326364326161303034613235643866356531626439323264373137343563323332613234
39333966306466323862623866353834306665663866333334643865336565646366643261363237
65373333653739386534663261633235373137336235383439643638366661633966383834653666
34633036343430613839343966373662663334333538323133336332613539353363393439393633
62626437386339633534376366333932663330656239326539303062333131316361333031626263
39366164333634326532653634646630383335353361623338616363636432316637323033313561
35613262336634666534623536356537303539323663393635366364366661633538653936376135
64633834343561323561616564376239313963356130373434343130333736616466333564363632
66323466343538643965353461336137383630363735663530323837616134633238333162353138
39656164633734363364336630656331623735613466313863653163336634363562336637396666
32663338613062623761643863346636626635336530633466326433666233303162326534663233
61306164306532613865383164656535333063646463343666313461386530353761376131303330
3966
