$ANSIBLE_VAULT;1.1;AES256
66343564373937383836316330303364613762636239613231313261363831363738373366393965
3563383132323766356435626432363237343261386237310a366336383934633639646266353738
39393639353436643534316635303435396365633434393863356337343439306561643035393062
3034326464323061370a316539636636303530336562646630613138356137323963393231623333
30616330343132653539343637396535313035643130323234363962336561653133336466646563
32346165376564386337626131306663653265383465306439656437376461373734323031626361
32343261313037653437636239633633373861393264666565306437306431313265656130636162
65323330323438633736303862343730663836613533353764613664363832333733623338656336
35616335363233323332666263613665393066333633616631663237663530356634333331613566
32653238653235306565306263343365636335363462383033373630613563613465313862326337
35356334306339353037343966333664306636336162653065356661653135346335636337663461
66633762323764653733623433343031303939626262393032316439373066386131636132623066
34366232666139353635343764366338653433376662343932336335373061323938386536626637
33613665626163323538363063343634366662336265613166373135613432393730353361346132
36633936623034653430633938366633626239623436653839646532393662343163653232316265
32366363653563393932366530313563303930363465326564623030363165353738613131366433
62373862383330346438623563336666313732386163653033653361386166636264303962323631
65333830653637366137666234326462393430656666353664646238326431336662653762373134
66316566313632356432333431346632366234653537313236353865303232313836366234323932
32363962333365373538386537313364626437353866333366323531393939346363343933646131
38636565396362366336636464666233653663313963343930616134376264343533616435663834
32353235633139336265336135393932363539363939346538653634613066346164616165356262
30656366346135643966333864663562633136653631646561323030346335626433356131373833
61346332633534653738396332306530663465653333343566646330366166366333386537343532
37666430366236643262353061643265623539663963313664663261346537366362643162363965
33303363616166333838346334636631646261636563633062336133626463326662393565626666
35653864363235313535323630376334666231646437653633643735343230333335623865313066
34363939623965323430353536346562656535366164313631353136373537353937373932643036
35646637346438303634306337323731346631346137353562366333623838663438373430323034
33396661613737646338316562346435643233373237636639396635373338333132326364343237
36333033386261316136313331333563646330343464333665653736623263323335373330623662
35303666383630666165323861653134336132383031663735393538383765356232663362313234
64353136366665653938323631373366366536376561363265396137323533653231633366666565
37386461636239346333666132306131386535646332643163346265336139353265623030333839
63393061313136323538333331356134393034663564646266633962363032313164373038643937
30643139346331373563313234346237656636663433656164333938333966666135313033663661
37323066356332306263363237646465383633633637623661316339356230323439326666613138
32353632626234656562663838663766333033383437356131323138366639633735663665623838
30333133326161393965373762356165333732626634316430373061383565303938326138326539
39326233336564643066373764396263316562346532346164613730356637396266316363363333
65313832666238343862656363346162623634306162313832323135663531333264323630663532
34653236393064393533366163393463633539343063656461666361356665663339653361363935
38393330353431363362613935393830306337313461373130393433326431396262316336333932
38373831643263356464303666626335623235306238363964396235656564656131323038363766
64643339663237333533376234356335663663656633663664663633653434356230373433623433
61333465326635663639613363356666636135313033363033396330663530326565353964643531
39336338393962623632666665633166626662636639613466633231613530643031306661643831
35306435646537333332643238303830643834373863396337376532373437666663643463333163
32306338383036636236383634373566663238656566613331373830303265633062626363313461
36663137383766653232346264626338643039336331356335343166356165623566396531376432
65353164373866616166316139636465616462343337336131383363386239373733376635346433
63363836353137383262373062343039326538336562323037343435653833376562613534626130
66326461313937646333346239646133333231616639303539626535653038306334373736386333
35396433386239333264313232613437663531373263633864616164643038333935653464363037
37316533396139653237383538303261353531643832616566366638303033663037353638333337
35366665303966336338646435643733626432346366653363353661316263306462326339336464
65623735613836643839633166343632626661386630666466386564366263646339366266363331
36613465393166356435316533306362636365643462646561646339326335353066383461326563
34393938306134623335646636303831343934636639343434663865373465383833386432666537
30306266636433666132303634393533666233656665646162373562656237653135633339353837
38393135323165323161616532663339613864356433666138613062303165666434613762363137
39666336356165633763306530616663373239666163343262653066376466393265353034326334
63623733323337386537643765313930626666346339306130356337643632653933626562643039
65656435393930383465333932303661383638386463306134343030336339383564343235363139
35373865366162363638616530623464336663396431643332663037346137303739396262376135
39316430636139366536363764613337653339373338633065356166363964633364656665373462
63333165653661373365383237306531383066666463636666666232333933656462623532383535
37333130626432313136653465303231353631386138303666633166333165346239393430383265
33636165353730306533663532623466636338636666653630366561373064306562653430616230
61343239393566353534303237643334363765333339313734323039633639646465333136353835
64663364303134366439346266666636376332636630663837316664353839373535616464623364
64343264333861323330643939623738346530303033636266323435373364346161666435343062
37303931333162613339396261633839313137373834666264393238613534646434636338323161
64333539316638613635366564613065396361316231336437643863626330636464616438653661
61373631353630336337613935393062306163336662336432356133393762323231333562303631
37373162363836316164306561656639386631363938336562643837313733633131636235313937
36616461333830373232666165396330356462653535363165323538396335383538323138396464
32303163396338636566343630316332346266336364353666656165613531306630363037656263
62376230393864653961313265623232356537326538663166643162613065333435383037376166
63336239313139303735613934363338656639366232363834356533336561373931356666333236
36303230653533313533383032316463376232326235613630343931386534643764653338323561
61653535323735653363383239663465373936653164636635323065343937303739393563383562
39613230363965653939303536633333343631613335353963666364376466303535366162373330
66663538393634663464626235643732626662373562333663303163623963653965393236323538
65373535366561336338363839316335306661396337633535333734396432363132666434393533
37336338306630323635623934386639643065363664313564373233323066353132336266383866
62373564656335653465323434303661633664613331643864323235356338623539393731656439
63366665613163313838616538353762313235623565363163656363666135653530326465633764
30383064366531386330313966386433386234633236373261326364373036656533663533346366
36343637303735313466333338613664623762633836373336393238633938653736316237666137
34393832663430343431313233613134343537653061393466666539363265636530393666613430
64306635393233386461613933393637373836383939633966303262643862396365353062306631
38356236333165613737393034393164393664303439623735303038653638643763336434666661
38363830613337393037396237383439666164623936356433353233393663616437633230663536
66623662306336336237623466353635333932363738363963656334333330623138653364333136
39366336626662653334356364373566303262316430306461383364653330663036613963336564
33393337623437373862646436613538643133356665646339653234643133353832353837336331
63373064386462386536633038306133393733626431363232383437623134346436616662653130
39326264333831363136343265636535393034663961303362343663333338633038366265636537
32346430323139366161356166636663346562666634343638666536623935363133653361636463
31653235303833633865666335383634636530376664306565643830623833653462353539626132
64636663346430353934663132643837336230646335336239616337623732366531353865626566
64306132323535383564383732333136303362376665313638366639376662306633356531356136
34326138366533346664346531663166613932383835363230303735323163623431333064353938
33663832373230623038613861373336616238383335393938393735613835353237633830616366
34393433373634323531643431646361636434643361616561633965366431323138376633383064
33313935343835336163636631623433393834653533616437313333363166346263656265633863
65336330336332653461666261383438376133366538346233396166323931316534356664346538
30633562313130396435313934643064613364346366396435353232333037383461343032323236
30346232313565343330646162626133336137376138316432306637393530323536376431613634
33666531326333313139633730623738626337306130643364346439313035316331656633663139
63306665646636633835616565653237613930323665363037363766376533356562636138363634
31386332643137336333666131633533353234653033386664633233386264633762633863663337
66346135643636343239616163653964336533623463646431376432396561373937643762646336
37663832616337663133383337363835303661306235366537626630663430333138666335366465
61356333663938366635316232336131343263336262363963373664653438636331326563356139
37643634616361306337333838623266393636663134373635346434313835643933313565356139
62393661666465376635666134366138393938333931633839303637633736663262643064383735
34313333646538633438333339303866316131353134306436376637666132663134613637616235
63373936373065636662346266336430386364366263306333373262353566313463623737313764
61623332303433383738396663356238353232663032376165643839383264363361396439336136
34663236353830333134313565663837383235373562346664393464656664323563643966643232
32333036616665373861373330663561366264646536356134303366363030653436383761373435
64306663303564363039653130383039396638633562643039383239666461643337363030653336
37666238393930323464623230323566343035626430666366326636646662663836353536383862
66343666396462656234306331313164323664353663353564313130613732313435646266306431
66653964333931613135663730333932326464323134396133663363653338393364393937656563
33613662343039343763636661656638323866366663306437633734636334653634393532663634
63333837336463626336386362663833666230663636656436396335386131613437373562613138
34303938373630366661623932393066363336393566383935383831653934623961393536323032
39323833336463613936623163336233363132303461376635393364636630353066663738633437
39633432336563326439633130366263363965333964393930316265386530386138373433386537
62626562643735633032333532626664643063656237323835373462613534653561393261376430
64373361383761656262616362633337373665313066636661613737613664616230343134663638
61313434613263633566373034386536393461633531636230363061393766353536636139313263
66633831626234383064323633376265386236303934353137663463306231393862333831626633
30383436656434616165396462306231653061363834303864383331393264326264623764303232
36313830373433383132356339326538343235333936666630363561636132633332346334613665
66366138613663353963393837666630333132353033313763383962363137666562303635383539
31316362613135333731623234643866376436356132376635376438336665613437393733343938
65356130353432336636303563666330393731356230623631386338343436346462663139653661
36626535376434366135333564343562303631353463313039643232623837333266633466376437
37343337323862363436623162303733313661303964393138636361666632363666343134643963
31376163323030383164646635646363663964303539343736613830353165323331333338633965
65663432653231663364333936393466313539353563623830316534313633643534376436326666
35656131623135653464636264653832393665336464623963386638333861633437336462323565
62386366303362353131346633613865363431653835636531356635313563313834373737663861
38623235356637363365393235316465306166663238343533366238663330626661626261306662
36316434383338636534663430366531316336396163313331663835363734363935663939333538
38373132333339646564623962626634383431373038356661663231346138366463613137396363
36646337396334643430643564376663613237643138663239323133366535613933343639623038
63636466623065353835393663323835333931643632656661373138616136373364613661363733
33643333373465656463643334653530393436343364313736323166393762363763363039623561
34313535396562393062313633633632303464353533626432636433383138313739313264306462
34663138336132333839303163363730323466336461613466613165353032396430376566333732
66663964393132646564383366333733343131386365343632316465356435663935643234346361
31373636336666643465313430333537616262393661656133626235643633623263376130656339
32353936653233306462313431626462623933313633333261333334396665633932353537613065
32343135353530386362343462303263636262666434636338633063376232633861373635306430
61626431396536353938306463306663643234373662313831383862303839343265336533656536
30306435316530396664336636646634316335623363613563636338613964353232376239366334
31333732333837643533333065613537623564316465643765663939643538373066613866636533
63623530636338666636653130643033316139303765343161376364333731333565313363353539
66633961613837323537336361623137343165303939366630326431313434363166636137613839
63613265313636643362343930613737633162653631396430316564383436336137386536323661
33363638316235633633323463396164623935356536663433356435343531646561303531383434
66303434353130643664346164613036613264303462353064313538653931346537303166646336
34333839306532376436613463363665306232303036653132646236386632656237653864353932
30313765323735303034393835636637376661623365656336323031636439303664353032323633
37356331376362306365616461346465343837363632346665363837346461623161666561633566
32613636373465376339353337643365303734396538383435663530313534353561383261393637
65623161313739623865643330643566643962316132333130323830663635353262623634346637
6163
