$ANSIBLE_VAULT;1.1;AES256
65313661393266353739336365626664313531366130646230383731636263656132303662666466
6338323265343661626230393466356135303233616636380a646230323732653637383862616165
66303464333936333661633736363761333261633563326638646530306363636666663531396539
3436356261333162660a316433373837353937343132363436343238306632643437663164396566
62313938366463363832316333313732656231373839356233663730363061353236323931623366
35326432616363343539353365343366656366356531376234353036663936376636373262316235
64373065303536313133336265636563623064356261316630383431343230313366373931323735
32613338383231623961303631353366646462373266393938616365666330656634326466623238
64313164373432336264303662363863633332643361316531663532373633366130633037386462
38363337666439363738646137393635383666623962636335613561316437316339363439363762
34333464656533313763336634353764643135623537316663626535376232646339656561626563
62613161623965636262653464616238323861376439313430313639623138626236356132333361
39373539656339363762663864343535643362346538303230363137326365343337353732383363
65633034363836613962373433346562643336366235353538633030383464393938653837656663
39343565353434333765366531366461313836313231333762653232643538353234626338666334
64393831613764623261333134613232313565643335323364323466653830353934333834353630
61363334656561356234356461643434303530373431656566356534316639366332303838303166
61623537316662373163633864663436393866333862373934633162376566633634643264356662
32383564626636646133313736366439636366356333353865393636346532636138373163326433
61366437616464613638373863643766386536333631383962313064363531376532396139393237
32346139326232653466636634333234366438626532383334396335383834643065383230396338
31306161363036623436383337363563393332633562366261383663313635626132626363383765
33396330613535376665356264633030383866663737316162383136353266363133346465316563
38356161393536333034
