$ANSIBLE_VAULT;1.1;AES256
35373531613335653036333239373730616234366334613938653035333534626363623031343565
3931383239336566386234383832313433316131306564370a383161643765646330303430373330
34623762343966306561613063613234313964316165396365336562323531306161643564353734
3932633738653364630a316166633731643837623662353062383838663635656532313530356534
38386339303331373037636361373133626137363931666661303030363631373331303862613638
36346462306638316134306262303663636532366331353236346164643730343365373738353566
61373030613532623238393565656162336261636137303233393835396162633065333463613262
30323938313831613130656334656634343963306336306264353933653938376637656334653336
36356531306236623433366639396334303164366263306230353731303261366134373162323039
62643934323638623030653063333239373539613562343761303933316661383832313839346632
62313834636432323461363966633761316165373333303565366162623239396664306435393037
37386161376138343562366233353336363433656161393437306231333832313962343836633739
61356263653731636536653639366463643763383233316466323665333961353731643930666330
63333662353437333432366263383131636537363738356532666633353339316430376138646435
35313736303261616330396264343463303666663464613261353064613132653430376533613637
61316332363939336638363863383930323762643764366366656165643265643564323033626466
34353534633635316435323130383234393763663734373832393837383566373530393334346236
62636166356336653935663138613366653562663762653363646436383039623464373331323237
35316363316466323961646163363731316366356332356236313735396634613632373137653366
65393131393363663633366133356137616130623230626632363139323431636537316539623166
39646262623137383631343135313633633065663864356562343261316230356430626238663139
33333534623939373330323030646130616231646335636536346233643731376134646638636562
62396338373738353132313962643034323338356235313534363066663630363065643238653633
63306165626563373531
