$ANSIBLE_VAULT;1.1;AES256
31626138303462336333393639376166333564353130396564633036653036643531393936353136
6164396238646332373330383465396537646533383834320a366136666633666231636166336337
37383461393261323730326131613435656366636138356662616666333665353666363438663134
3430653763373532660a633463646339363965663937303130353762316334613637313932383837
38653039653464666565646530346363353138386135326433393633386531356130663835663964
33666236643762626433656663393165323563613739353234636262616131616535353735613435
36313463616132326561636461303234323832393566646236323462313339653166306336343738
37333335633539373030626537616133313937636361393832343061636166343133353634633033
39666466326630356139666130373161663730666539663636646661306131333934646664316338
37623430313761376666346365616632366663373731303131373661396163633830363266383230
61393339356364373266313666383966663137626365303532303061656662666631666135626165
37333534653638363136346634333735643830653034656364323330306164303431653330613539
62323865313539653835666564316239373466393138353062316532616530366338343535343038
30343633646136636137363533373864616464636365363336666164663363363436336133623263
36373734393234656365633534643736633330323833623832646331613433623633663766313035
33326331376165323664383664373537353465356139396532666539343666626265393535343263
34376238316430626664666437323931363738336130383263306634653236383531363065336535
30613266303161323564306233643261613936633961653832643830306531356139623536633063
66326564393931353937313835333864333736366662373032653930383435343334333866323562
66316637623035653336656464363339646135616536303264373136633665323861363566303662
39303365323535343561616639313535626237343531353830383063313465636561393439643062
65316165653738626663653364386635663464343166366530333862626334313435643463343861
37333738666132313634663461613662613961326563393032616231303161383132333166376665
32383836323532363638363363393963643761303631636363373038346464363230313131653739
3161
