$ANSIBLE_VAULT;1.1;AES256
36623534373562653236363634643266336265393333303836353739656166366364613962616431
6561346563666530613330633861323034313830313538640a373461383637313066353466653963
39336331306239366665313962353333336331376163626432313931316135623061386538336163
3537383035613438390a646131616161346539333839373131393464316130626466343931333139
66623663376330353964376563363461346464646234663632653437623462646266393161363236
37616461656532373565303230323035383837643534373834353732386261616562316564386337
31636263313061343436313135336630663633363339303463636162343564616435323035343930
39343839333935303431346430323434393563643463646363643731303230313934386436306232
62323165393162653139636561623431303330656561623562353062313437313062663563633263
65306262383437303139616536303333313331356564626365653533303436396266333333393165
35613335353330396635643435353762326136353465306133623734623364323765613135646134
66353936373361653331383761663336383262393830303462376130376638376134663539316461
30353330303166373961633533323865346337373864623833393030666235303638333939393732
35363662623563633734613061616431326263626462663331393063626238343030316261383732
38353266303561626461343632663030303834393238343033316262336138363630653831353533
35636637666134666237303334316437396637366265386636626662353539613165316562383861
39633335633264316332303462376265303032363530643464343030356666613462313065653962
34326463393634323738306130316464343839643064653166313165353934376431633461376538
65633032623364383934363566323636366131623636363465336633366366383462346237643030
30616662623430383862643930393535333965363766333966303039343636313061356131383337
65323063656138633961646539646465613230366531323839666162376637303462623162313930
30623862323862333139363639653833616134336230303830633231366634643466623964383064
39646134633037646564623037303234656439333533663235363535343761333536343963366334
39396364646666323436
