$ANSIBLE_VAULT;1.1;AES256
34383032373963613231396533626437346433633538376462383861636434626530306139353032
6235363039613731633261643730616535353331323936640a363163363732373266343539356136
66313162396236373333363663636439333733653761393337363332386435346562636265653538
6264323638353739630a373432636464353265623339663230353839613939663733363261353661
38663734376439373665333230656332363666633764656335653963396262633566376361386537
38663363393333643065323065376233396265323831383136346662366339633039363134343963
62373438656130386333633865383563383336323935346238353065393438643632376539623433
30316334626533653464616136623162663032643563646630613766356636656137303266623332
66643431363330643634613432643565356237353935306266643465316664336539343838616439
32616433346537316635303164346237626666313364633265356635383936636435353631343538
34303338376533643132393233663134373934613861613439373865343739386262326633373837
31656438643834663035653462313236633735653362336533323732613936613662363064303731
30613134616535363137363461373464366637623432326230396631373432666336313530313638
32313538383065313463383966393965623662373231336163616232393262393130646534613562
33623533616531626134313230313830643032383937313135343562306434613938656536373366
39323730636661373836343134626134333432343937343166303165303039613665363263666331
64343739393061633265323164383830616165393163303632623934633665363262383038613632
31636662383536393231326435636337646135633834313739663865336537643362623663356131
63646136353362383262643364636532303961653766656238666134393664663435613034313063
34303335346331643466646563386233376539376661306633323731313031303138613834376564
62646566303234346533376232376436396533643762373164663262636334373465306332323762
65383531393439386134323735303639613337643062396335376564646164323361636564313462
31623565373961653362656439336264366533663765373733343364343563326433393534663737
65613037636337306638323665653338336530396664633735653466626136396236366532313831
6133
