$ANSIBLE_VAULT;1.1;AES256
63346462653936396230326664663239306235303437303165333464316232363361633064376138
6533376263363062393861333331303030386130656563640a376462356563363463666230373831
62313662613366356163643235373333653336373233373837386365353662303538636431613839
6132383936366630340a306635343139376633326135356262323134393739393637303863613763
30323435316661363666356634333764613561303232366565363765333133303361643035333061
62613637336363386136303439383164346561306230643535623464356263336335656538353432
32353038336239323231386339336364333338343464353761343235343231656161623731396135
34643165323432656635306231626237313734666534356464343061366230663932333238316137
65383139663336623532346565313634366463343132613636336533316232323464373866663364
64303562343039366237306638356330646236323066346338376532303562343037393731363637
66303831333563613736393465303932393363613866633666386634323932366631643630323836
33626466383635356232656230613532306161653662663962646630623239323166323765356165
62356562663930623431653165663461376535633463363265666230646661303339623264313238
65316666393937633966643435316437643931333438623965343435366437383563656537646263
36316262616430663935366536326165623931353431313431366333373837353139303039656366
31393233353866306335633937633538343164623432386233306436373962323539623936353839
37313435346564643031646164613464646330326461613834386362313664393430633435623934
39623037633462343136306339326366663233663430653832643964653036306330316262373237
36616131393438313839356239633736336435316466616537376431303162343465343865353362
62353139303930656639376432646531316665653534333535353662376234313930323838333537
66656262376166666639646537316433303261376533343836653338333237636533656363336130
64343934393262643261623561356136336264373435393266306637373866663362396664666234
38333037346331646136383861643837343839306132353136346363316433383036643366633239
63313364363430333265
