$ANSIBLE_VAULT;1.1;AES256
62666437336565653262343838303431356464373335623738303933303334643331396533306431
6563366464306462353061373466386462613865623666310a346338626161313666636164663039
30663363376338306131303630623833613738623534636361633763613962653635393035623736
3662306262316163660a356263363533613535373462383635666165326462346539663033396639
62343230633038346338396166643061383862326236363764333733386138386439383838653462
34646133303931393133653138313063363930343134333530373565366633376536326332653065
38653138623839373661323532656532636535383538656533616166646633393130353632326138
38363563613435643835613065356664316462356663333165643031313036353662613032613963
65633131663430343037653061343733343961383931666564613363623235306237353034623536
61303238663462313935656262643638653138646262373434663762336362623030373664626462
35346334353661383132353636653230643663663366656231336463316531346639316430386132
61636262396330343963353034646137346530373839663661363135616237303838363463643630
31663936386262346463383166396635643766336232653565633534653665326463313837643664
39396538366133353266393665316237303335366461626439386561363539393234353566306337
65353835313163356634306632343932633365313338666634373935633630313765346633663538
35313936376631623163393034373137386237393362646432303739356337383465373461303837
62666166616663383038333536373066616236633561383033653563306430666662663936666132
66626437333162356534333338326634626337373931323566656534663733393933656331343437
32316466623566306433646139376230336335366538313239383938346464336439303636383261
65326333623337373634613438623839316633623937386232353038306265653434656366373034
32376261316564386462653038306132386336663735386164623034346331653565636637653231
39643264336266656365323264323330343434323130343261656434363966396537343961356466
39383435633736666432353136323434326138363664656266306433373539643239396633346561
37643362323230363063333235633439373561623439363231313732366130316332303930386465
39356265336632383061336336643631376566323464363930646163626263663838623632353130
39313265376264656166323331333732386636653936386164643036326139653735353666653839
33643031336638303232326339613462633539653738623731626530373837333537323138303533
37336635386461616136336565396461323766343061373166643330316365393464373433666431
35633536383533663537373032306162643630316534353833383535383563636532363761626435
63663866333639353439313637643433623466623362666562633265303431323434393265313436
33313034653665303733303362376132613562386665613532643832656136623766346362353830
37626331333233616561616564616666363339343034373735343664643830376233303835623537
65323239353066613539386332353664346337613530316662343861343064343039303364393230
33363937336161333334666233383832666263373738373539633735656463353935656663626336
62316531343337326664353235623366303964613464393636616437636561373532363561653934
30646161643533323330376262303234346433623236386134656637303663336166343465313263
34343534333662333332323761393662346663336232653961336366376161373163653766613630
31333630383163363964343932373534613462303030663163633939663330613965323635633233
37373730623134396431616531306463343365373564336565656564356162643035386236373766
38373634613164646432316264666134323631653838646332656435653663343037343861616665
31663262636433386332353664343730346530396162623834303838623532633237373832366464
38333132613032653264646239343330663563323430396265326365383936343732613737653037
65633364366265353564356237623933613031313266373365356330663730313238316238316563
30353864366535363434323438363635373535303564376336666330383030306238303564616430
64396265313934343232343536393236306162666433623962666562363663383166376632346662
37306163396331643037383964363663666537323836363161323139323435306165623339306334
62356664336537333834393235643735383832663662326563363863376131346134653363653734
33303765343633613065666538616164666364356466613362333566636634333231363535613466
62613734613938633036373333313566363839313564393233313066643330373931386565373861
32326636653731623539346334366332663933313733306535383362363163303263616366666362
30366339346436326166383064653232316538663531333462613763313039373730386263366639
36306466343432393234323930346461373732323331363838363134363636356234353639356163
30393061383265356233353938323162646162336366373037373839613638316332643539616637
65346236356531363261323065373665633262343561383237623462396231373934646534326235
64366339636639656166643962343733333963663539613666656435633139633838643237323762
62323237613239316165393832623336616562643261343961373636393965636630373132633934
37633464333938393765316339326132373863306439323132393837356264393630343164303737
62356331383062386634346363636636636533623730663937616531633838303730616334626165
61633736303662343066306561373532333164333330326233353436356661303835333837396266
64353166666637613933613838303162646365353064316631363638363037376365646236656331
64623239376137343763373530613566363362356433306331666662343839663839656136303438
64636665316666353236613966633934323131313062323331613435326137633432373663386336
61326537373033386231666538643365373334623330373333363734393136383231343631363132
61323662633062623164333231386566386431383364656462376464303965333131373965393435
65393339383964396137323130303031343262313539323132623661313364643165653031343830
63353762306436623639316565666231373662306232613431626666393661383435353133333761
38313466373338643135343731303165613637653064373065336462613434373937333636306162
62663138373834343331396564643636343533643363333037643866646166613562343465663035
35623962633430373061393564336463333038313862316362363035633766623631386339366266
61336538326431336432653531363035656236366565636432663731613566663063353162656165
62323930663131393861356630616331313666343461653765646263326437363030343535323966
37633531343736353131643437663331643737666636653965383433336137623863336439396165
38353333326530363332626434396332316337343161316234633561373635613966363964306132
63373237333038616465613265623032313266343063336630653134663362666163623366653238
32323033633231663634323431306166323637633139323632386239333933646333386463663366
61303233346234376162376136306365313665633731633061663761663263363134346132333666
62626537646163616362663162643735626466653562633434363938373731663336616338643536
65383339616362393465376337613066383733633638643130646133353566303733393236373835
62393734616566303633643038383238366434303865323938386539663966313633636230303730
32373833346661633663383933393239306630656539346131346436346261646138353564666531
62646635633366646232333961333765373231346234303563396138333439623365613364613233
37626465306339623464346233656163396139623234623134346236313735626434373162646561
33343562303263346432373530623837643034356439623161653733643330316639346134623965
37623932353533633334346262636633613861316462626136343837383065356437643338666236
61363935303137353639346237646561333338666464636532633164346336333937643766333932
61633738356234383536633836383131666334656138616364333637333737386134656235336361
31613864666336396332313035326533316362346534643036393533303462646532383530373165
63353531343238636632313239373838663263623632383966373838306639336461343436653761
63353064646232633563326361383261316634363763626137383361383537626262616432633837
31663966666638646633316235343236623138346134356433316335323635646632333531393739
35373263646539323630653434306665643664613532663135656336383035363732316134613764
38393733303466623232366631393537363365613764386436323232336634373965393539316366
38633135306130343436366439336139376263653664396132343530386435326638303861643265
65636539613233333731313964346131303530313066353334336432376664303433633534363430
62656265333535383834376363616532313462313739663939326236646536633565343863376662
62383664393830636535333166363839323562376364333663623661636466383733346464363735
33643566633466373537323664643931346437376266653838613431303832613034653331323263
65306532613330313065336131666133626630613231636432656238646331383261303666616162
30363762313232383238663830663562326438613366356162613936396534386263363131323235
30616462313530636131396666333931383664393538613232343435373861376266393664353066
38393333646531623266643032313231303062623161393666333237333537303361653831616133
63386332313839303363343232623261626236386163366162613364356230306437313330623061
61313632383337386236653431393433653062303038613235313137333464326563613463343866
38626466313764393065393236636562623639333061666665643065323466373534366535396465
30643835363164653465383739303866313665396139623738383131376264646366393436616332
38356533613037333265656334313731613635613839383964633037653661326632396539613132
35353136356439616635626561323538323062306632363461626264393736616333393537613631
38346161653439346531613763636539353430353236663163613637666134383238613533316663
32393433373165666363326665346433336138333262663032353266383534363137393539356531
39343463613333396633393365373363326238353834393734313237633737336530393431646162
63373331383438386637393234323263633039306362386139346135373962393564623430366662
33336663376638383561326331636366666131343239303765613231306364623931616138343934
63383639346439363532376537356438656664373564356665373739326434383631623261623332
39646635323961303566333336616338343862633363653265383862653030336334303565653336
62616663373961386630666430623264396261643339303965313131643937303064643562363737
31663334346535633935383461646431396161373031316539373563643834383530633261396433
36643236356238373133343939373635376666633630303530663534386566393166636433633261
30326431346361623334333463326265646266656262376232396133376266323536323033653637
39306437333432363065663666396361653866336466343739313331306235313135646463306434
31313632346533393763663231616433626136333631343733613665656531376434613830623333
33336633616662383565303739363935323739376435343632656539613233653865326238396134
31326135313230316564653837636538656366613839666336613162313537633965643761623561
61363131613332323031653737343162373238656166373339633831363834643661376461336135
30323830353933333339333436383561333233636236393163663236343064656133313766626364
37336466666234346262363030386361326239383130356565373331336339393563313466633366
36613431343233636632656433616232313135643364316565626232636438346433323930373161
63623739623234353833393533303032353438313164646136633162323836353238353631633333
39333362376432623962633937643230623935636261396234633230646335653131386166393862
31653237623832666532356262646135623939613138656136346561326639343465316439633731
30373532383734643332373133633362323232376537396163653665383530373333393735356130
37326262353132303839343466363439356539623432666533643362653961653038633331656366
34613133306331623666393261303938646539646634653036656266656666316361643435373564
38373137316466373830303064316437633531306166653239333936613463653462383537366638
66336130633937396338303433626530316238623436333630356333666231383864386639626235
61633933646666656636643935303834323334653736376361653334663233306565653131646335
63663235313637666166653336663066376431616563376639633365623665633138336239386239
33343864653865643332303532346330313834323431646637643263653239333932653439366566
37333632306438636639623262323433633063366165666162643335386137383332363639636135
35636361636164316235653861666633633836643930356533323330643836376134643234663363
34336535316465666564336264323235323163323232376438616363376133393133666531393138
61613833623838373131653465346465656534613265306139663830623161343734316363343137
36383139373334373665653266343139303938346466656264396438633630336364623261393539
62376638373038366233646666666137393965346335333861663732343330333234316339373930
38373333373338366561393563663866616139326662613032363337646638393966356463616163
31343763373338363739326339396632333033663434373038616135346435313135373666626238
62363633643336353138363838656664623861386661336430373762666135613236373734336466
34343730323064623461393332636638373238623639623637353138363461623331326536643034
61653735643862616533363636623430393735326136623331373665386237383932363666393236
65353761653737396436646661343165366130613964376536323635663431653832616166396562
35646364643962323662323365363565626365383137616265626433633537373634303530653339
61356166323532376237636261333232326566626338353234613738626664323361303763646130
63666464313239633638386132353764366538663435306630613264653963343930373763393362
64346465393638653938663039663265326538376439336232626166613536613837613636303033
35613839343634666565333032306230306335633237306462643634393963653136666361306339
37376531633532613731363163643536623332643634366638663139316234366434663062313532
34303561333539613132343166633730353736343132313335366430376566613862306133346638
61613137373734386232616633616264373331656131396438393833363639653431326332636466
31333166643965356565616636356562373639383862663538623565326361316665316132323962
65373333383739616636346134336439633839663965643835643730303535643066326633383761
64666633393636633238313338613230343033303537356132653432626533383739343262623535
31383739376134366139343532366539653733613832643630613933386138633166313931386263
66663362653435613132376165653333353063326239663430383735386137323931613362646633
35336439313363386461633036363930623934663766316335343566663961363266343063666662
39353863336430323332393934626336396162633536396230653362393230646637663034623138
33343861636138343939623939306130353963373438623163393361623436333935353066663963
31636335613835353664323937643964323137376335373939663161393264653733613230343735
64353531343939306232356666663362323534346630623564613663646537666661656630663566
66666665323165613436393838663530316435626434356166393866346564356638613633656663
38653234396538386438326439363430346462353733343438616130396663333131323339626266
39656239346636346234613134623836623864343164346437336630326435353931663866343437
64323732633466383533393565323466663465386430623066303837326135616236306238373538
39366165363132653232333663343539316339633038326531383530613732316132303134363738
38656366326665643831333331666331363337653135386463653361303539353062
