$ANSIBLE_VAULT;1.1;AES256
36663961663862633665303939343531636432303835333939636261643339653665303335333439
6434356631393861613339316562353964646566333631350a633564366439643434666137666539
38633962313061373438393534663965333338663533316161326264333730643562373164333061
3864356663396137320a613133313938633161316231323034356133633135376166383639386563
30623538393535363966656533336339356235376366373335373636663062343234323635376232
37663165396162346362653666623631356534393564613130313561396334623838633731356134
30343139393561663038333530633436326464376230383030666539383161383834393136656361
32386231343335613865333134663635346661306361303038356164336432343832663661653537
65666363303636323138326537356237373036633162306663303564333231663436333834343236
39633533393538653662623466663164623933376632383238333136316336383934623431663037
34343336663830326366626631323936616132373431616639633232383264353564636565323939
34646635643634623661363935366332666231323261663131323336643430616636313231346433
33323933363462333064313363306338393634333338643963666233393038366538356237353463
36303962373934363439613230373834383737333434636563313061356335656565396433376435
35373563363739316161643736396333626134333035663765353133643861363731633432313262
35363734353265613562373133393135386336343263653936313436373133623464353132666466
61396331386263616266643434376633613632613333383236386262636139323131323264363236
65353737666632656565333464343537363035373163663561373730306137346135383534303031
35313633353666396438383435366335663939656661336133656363353261383036306239313332
36386561623066373839373230363235646562656261623535333866363162623266356162383233
32383935613061653537653036363838393532393261373939333461396264323931383838313239
38666636666366363964323732616334613238663366316335653039326164323134623939313064
64653236373863653831656561656638616439626462646132343735366233623261363335643437
66643163393963636432
