$ANSIBLE_VAULT;1.1;AES256
65343662643732393835376666373930366539383835663834313035373362393133373833396161
6463343465623762353737663036306433613132656533330a366333393165363434663033343136
39303164396135323035303733393239633530313636323137653934346630343836343838363337
6137303334623732300a663330613061303536326230323832383537633932396165323633656461
62623938383131363831633536376163373265386264383131303238346335313236646239633630
66656436303663646339613930396436356637613532353937366230643837663636313661376331
39353939363265643661316534356338336639306666343034323434663861643764393737303865
65366138636363323061616162356431633135626231306366616462383233393237316139323935
36393930633363656630363364323336613635626661303339306435363837613766636163623534
38613166633835656137346135306266626239633738323966383034386235383761316365303538
63303231613766303532396562633830633161366230666430353432376537383562346330333033
33306334646636383035326332343330636238386665616465326261373235313735633233633562
66323933626232303236356266353365336433666362353838666465373764393463393238306530
64333934616331343035663335326239353530323933616535613839383161646638646261393265
31376233353532326361653164313636633438366266613235333234626633373531393364613432
62303464646637663631356233373865613162336537313062646432383238613164643233383537
34326362656564646138636562323131393661376133316565653861633039613937646564376333
38343335333064643163383963623538636330613765383137306133323164633966353433333765
33633135623534336131393431373637366239316334613936636661343165353236346433346634
66333161623062333265396337633333636663386334306137643363343239323432636337313033
38656434366464343038393935643663346661636134313965653963653532303534333031393666
33323965653838633261613664623738356635346163333439363062646361623466663738393261
65396463343537363166613666303830366162393134633739306630353936333165653361343134
61366533323666383639
