$ANSIBLE_VAULT;1.1;AES256
65653865383936396434356638353138363731333763643435626165323463663666306161336235
6133646231336666643665623962376430333038613465660a333062343239643735633661643838
64333137643932353632613864366262326264316434626437313736623037633537383139623966
3366373335343263330a393330646236316164646230616535373036653564653034373333316337
36313036643138623231626166646465613662383936306263313537363538333634323332336463
32383933656535656232333365663835363735333030396434663230333935633538623365356531
65316336663863393366383661396337663166306166393539366661386465636431663330653633
65346666353034363463326233383531316565346663343462303565663138333261653730373764
38306137636533393161323535393930663465313362343634373262353336303638396361623733
66396463383361616535336136613136343136303934353164653765336637383035313037363763
36363633663664633730656264616261616636626561616531393434353738316363653763626463
61306333346532353839646365323463316437303761363561383637333336653635353637396337
31336337613563343739323233383232303636323564306231623839653761623737356632333636
61326138616237313764386637623834653765333161356437626338643436666262663337366438
61376466346236353566393332313237343936346639613033623938323639323936663837323736
35396638336137323636306361383864313235353234323832363235636333343039653062363063
65643032313564383638616438646339303637656264656233313166333931363231373138396130
33376530323336623466663463356635373965613561613831326461343432346465633239393461
31313038663663633336343134323733616661336537383032636139643831363461396439666531
36333764363331316232623435323434653864343636316333356239636237303762323331323034
62613538396331653232633138633263313265303532333437366139356164353263643264383764
38653366313638316539323565306665653836623765626637663139613438613635623362653863
31653031666535666531623265383438656563316164393534613466333735663538613862623232
66303736333362633131
