$ANSIBLE_VAULT;1.1;AES256
36316661353733653634333635623839313639646237616163613766363839346137356563306163
3661653933616339663138373431326263636265636332630a353238626230623266383739323062
65633539306163636436626638366437326638383064383030373234313866633863333266636139
3364666564653231320a353133323032613566663635383330383838363166623166316136373165
38323564663832646362343635643361313432363939626466613539333632396130646161656439
30303735623530373062633536363738306536656464616537643431643031343566616666363066
39633334656632393039393031646266363732323566356662373362313565363963323834613038
62613933323364366138336231343139663834323262373634376634353863616632656533363661
33646436393866633234643032383037313361326162303562613536653662646138646131383136
34623064373133343136616666653431323033333662353539633163356634313237363337326438
39353166333164383165666535383532323235616661303463636431336234373966356531306530
62323031646239376563336134373666623330303832373130393434623531396131373935303531
66646433326130653765366139313739313563303163633966343363353632386535613762393137
32383763643765356261636336376263616333623737383431613065353733356430643931623934
63323566623864323765656337623434313638623337373436373535666336353435383566626638
62383639626235663539643566663136373162663036383264346436663134656139353465636334
61656439663730373165363138356533343362343638626232643361353038383331616463633939
30373137346461373133356566646431386332643538313037653535316630373933663735353962
39386663356562353538393235663664393564336663646634643537623437333737363030333965
30353131313631653565336162393763313632313862373963353762616139393963663264343266
37633436356536316139366433663033323134363734366232316335366635663532343063663964
65346130636664346166393034616164333830653163303432313436363763663866373231326433
62646263316430616139316531633665613466326663666234653661643464323430343435613038
31663632613061353130
